82 38 59 31
60 40 41 22
76 95 34 77
70 17 87 77
57 52 54 57
45 46 40 23
28 92 93 81
81 29 46 15
89 18 37 30
24 22 85 86
23 28 35 38
23 18 76 32
38 17 70 52
63 79 24 20
46 54 11 28
59 45 67 63
16 96 45 99
18 31 36 43
47 42 96 43
22 74 29 21
46 92 19 33
65 90 50 44
35 83 53 20
25 32 51 68
64 74 37 32
20 12 61 87
43 33 70 50
24 20 79 10
70 18 91 15
34 21 49 71
98 84 34 58
74 62 65 67
92 49 47 66
86 58 47 54
13 15 59 82
73 91 74 80
63 59 49 51
24 21 16 71
12 38 85 35
10 12 31 82
19 81 38 72
30 73 80 62
69 78 35 86
93 16 63 50
30 26 39 11
13 29 56 99
51 84 28 72
75 42 32 39
20 73 69 56
96 17 53 92
27 41 62 84
61 79 48 75
37 83 28 48
19 42 21 82
65 84 14 89
98 88 11 95
66 85 97 60
19 97 40 31
88 31 52 27
75 54 36 88
27 22 89 34
66 76 99 25
94 12 44 60
41 76 12 83
23 44 45 11
36 94 33 25
14 49 43 42
65 17 44 29
69 53 14 86
13 80 64 14
44 87 85 97
91 26 13 15
30 61 52 58
90 51 73 57
25 88 94 47
15 26 41 10
36 36 16 78
18 26 58 71
24 37 95 77
61 83 90 17
62 77 55 64
89 39 93 72
46 53 41 97
11 68 48 35
67 30 93 27
21 96 72 39
37 39 10 45
33 98 91 60
27 32 13 78
55 56 90 95
71 55 33 25
29 23 43 56
22 87 55 75
68 16 94 81
40 50 99 48
66 34 19 69
98 26 57 80
68 14 40 42
79 78 67 64
