27133900
27871460
27541174
27108359
27321750
27468499
27802631
27284757
27046261
27293278
27382376
27788615
27711141
27404083
27900878
27925164
27593991
27514532
27451870
27298917
27732992
27586584
27066122
27043694
27712312
27100983
27566795
27159492
27808797
27839514
27125654
27766832
27384854
27972400
27764837
27267360
27793045
27950674
27679613
27497438
27155873
27979052
27964200
27610640
27486351
27027445
27467633
27635012
27342554
27504558
27456713
27011647
27585030
27415251
27062497
27361557
27339860
27072375
27884145
27055039
27030854
27552211
27692035
27785558
27603030
27458439
27685497
27812578
27310072
27630389
27810035
27005177
27325141
27958088
27799690
27239432
27216231
27410382
27137605
27208590
27696995
27456208
27109599
27602777
27011691
27010093
27292536
27767068
27246555
27187212
27034092
27372969
27463998
27331049
27446195
27487883
27229858
27016223
27614127
27933967
27000590
27149304
27064740
27838642
27923577
27549576
27448863
27615366
27771971
27854289
27041143
27494873
27133119
27293986
27171987
27848625
27152662
27171495
27372762
27915764
27490380
27178733
27739928
27209077
27272608
27538557
27015992
27925842
27451273
27686104
27317815
27651903
27880723
27214985
27220928
27926032
27862887
27514279
27674427
27928315
27313535
27360124
27280216
27832283
27048248
27887283
27938738
27987747
27919402
27779925
27419155
27582732
27402826
27151850
27061395
27661997
27815484
27941803
27556316
27900098
27686112
27735449
27321098
27879210
27800668
27496176
27822299
27019007
27355601
27039098
27398976
27177598
27792934
27955634
27667998
27375717
27734677
27311557
27455754
27057809
27745144
27292140
27696941
27828213
27731410
27679603
27415214
27373296
27351290
27109474
27727602
27484870
27644505
27545119
27842755
27021764
27321999
27084826
27048998
27749856
27755399
27410712
27018477
27687680
27003049
27578323
27077171
27958604
27208888
27440611
27648343
27965352
27903203
27219474
27202248
27580797
27944021
27512136
27846498
27660010
27538871
27014115
27176626
27291895
27038701
27747466
27924330
27860624
27483632
27057978
27743163
27009384
27674809
27196637
27963767
27459642
27667967
27346646
27425611
27963954
27192584
27915223
27667616
27917026
27787238
27014651
27968355
27539189
27053246
27165161
27034510
27635096
27316509
27169559
27919206
27790982
27437620
27511649
27233757
27214317
27679422
27366783
27202615
27355141
27009542
27715694
27914970
27721636
27973292
27293545
27916533
27045151
27276760
27730330
27349236
27995803
27279311
27402244
27212429
27944660
27177763
27626687
27283459
27708603
27289870
27063913
27620402
27125955
27414963
27428187
27798127
27607117
27206545
27295634
27003433
27312432
27866413
27285089
27267314
27493290
27621351
27151670
27454205
27188638
27514620
27398592
27524394
27960891
27374242
27684812
27952497
27462434
27618239
27062784
27172778
27043924
27763440
27460932
27634644
27897412
27549969
27751751
27644582
27327114
27882984
27359004
27226563
27178242
27866411
27194611
27215231
27098284
27702749
27614699
27860156
27823830
27030099
27445077
27830694
27193128
27554122
27500596
27616686
27731913
27882871
27791800
27237465
27558447
27580372
27419753
27442480
27644153
27390605
27899070
27169000
27776602
27811870
27712051
27193409
27019093
27408414
27064746
27480040
27180196
27033593
27646394
27783893
27438720
27645167
27371484
27032235
27826023
27378065
27518854
27829919
27392818
27984742
27813535
27209938
27282105
27064207
27004515
27304485
27751477
27893387
27381752
27276856
27713109
27641601
27299862
27619464
27991835
27631003
27313533
27413284
27157666
27902054
27316628
27649511
27625169
27307018
27270596
27867864
27230839
27704178
27103822
27950939
27216038
27390219
27280620
27673350
27394233
27796165
27808068
27717082
27848745
27918728
27251923
27610435
27093445
27588602
27554878
27923417
27836352
27230757
27600149
27613307
27805462
27225595
27831086
27196925
27582291
27604112
27379043
27926676
27255763
27148745
27546735
27271257
27541543
27539269
27672821
27517510
27299689
27100206
27740720
27101072
27720319
27963787
27489382
27089971
27603471
27979728
27354367
27837269
27292932
27755901
27241459
27628259
27150265
27669897
27330813
27488362
27336283
27974310
27727411
27140584
27620015
27661049
27205477
27221697
27409681
27812679
27646204
27109140
27830833
27655972
27969131
27211850
27767299
27236150
27348240
27805494
27007211
27337348
27928556
27658582
27400882
27788485
27556892
27391736
27922592
27601581
27203266
27379064
27568553
27215565
27444871
27817126
27716917
