2562
1755
5289
7848
4895
5964
3568
7552
6416
2198
8026
7792
1002
6997
9331
7901
9463
6322
4117
4825
2275
8944
8510
3625
9093
8386
1895
6447
9501
8753
4030
7002
4549
5632
2638
4583
3538
1228
5498
2446
4954
5416
2514
4574
4137
3625
1516
5549
5793
2892
4265
3838
7853
2723
5020
9904
6593
8029
5880
9556
8259
7349
1563
9807
8185
1067
1285
4588
4162
4435
3584
3500
6364
8710
9554
9684
8476
9465
6410
9947
6942
6007
9245
2108
5569
7390
2072
8291
8773
5714
9279
5049
5770
3612
9821
8412
4088
2785
9817
7012
4302
6279
3422
1062
2900
1784
1350
8802
4488
2944
3659
9538
5432
5557
8036
5123
4636
5560
3621
9365
2625
6332
1913
6136
3986
6622
8162
1641
7039
2461
9547
5699
5165
7522
9866
1147
8088
8423
3933
7640
5942
4948
8648
2274
9108
3846
2174
2008
6250
8327
2986
4081
7406
8336
5822
8563
7670
9359
2482
5934
7290
4480
8222
9096
1611
3809
6723
5640
1691
4929
5284
2905
5673
9772
5612
9236
3235
6668
1135
4554
6041
7432
6703
7542
7430
3144
9255
1314
3929
3080
1265
2133
2035
6067
5453
5409
5620
8801
6530
9755
